 &plot nbnd=  16, nks=     7 /
            0.000000  0.000000  0.000000
   -0.849   27.297   27.297   27.297   30.719   33.994   33.994   33.994   36.982   36.982
   39.616   45.441   45.441   45.441   65.536   80.918
            0.375000  0.375000  0.750000
    7.751    9.459   18.715   24.009   27.438   34.329   36.702   40.627   41.418   43.313
   51.756   56.091   58.261   62.495   66.672   67.036
            0.500000  0.500000  0.500000
    6.881    8.456   25.445   25.445   28.972   31.146   31.146   35.903   44.624   44.624
   52.937   52.937   54.542   61.640   68.878   68.878
            0.625000  0.250000  0.625000
    7.751    9.459   18.715   24.009   27.438   34.329   36.702   40.627   41.418   43.313
   51.756   56.091   58.261   62.495   66.672   67.036
            0.500000  0.250000  0.750000
    8.044    9.771   17.904   22.190   30.476   31.336   39.762   40.692   41.134   43.087
   53.778   54.073   59.713   61.920   65.919   67.925
            0.750000  0.250000  0.500000
    8.044    9.771   17.904   22.190   30.476   31.336   39.762   40.692   41.134   43.087
   53.778   54.073   59.713   61.920   65.919   67.925
            0.500000  0.000000  0.500000
    4.879   14.165   16.871   25.310   28.886   33.106   37.470   38.781   40.395   44.817
   48.452   53.819   57.556   64.288   65.070   65.703
